	T[K]	N1a	N1b	N1c
600 0.00001 0.96173 0.03826
700 0.00004 0.93843 0.06154
800 0.00014 0.91253 0.08733
900 0.00042 0.88564 0.11394
1000 0.00102 0.85736 0.14162
1100 0.00202 0.83151 0.16647
1200 0.00357 0.80680 0.18963
1300 0.00576 0.78331 0.21093
1400 0.00865 0.76108 0.23028
1500 0.01226 0.74003 0.24771
1600 0.01652 0.72012 0.26336
1700 0.01962 0.70118 0.27919
1800 0.02352 0.68298 0.29351
1900 0.02739 0.66575 0.30686
2000 0.03105 0.64949 0.31946
