	T[K]	N7a	N7b	N7c
600 0.02833 0.13498 0.83670
700 0.03308 0.14692 0.82000
800 0.03731 0.15506 0.80763
900 0.04058 0.15978 0.79964
1000 0.01626 0.25803 0.72572
1100 0.02140 0.25982 0.71878
1200 0.02686 0.26070 0.71244
1300 0.03250 0.26084 0.70666
1400 0.03816 0.25986 0.70199
1500 0.04372 0.25756 0.69872
1600 0.04800 0.24297 0.70903
1700 0.05110 0.18673 0.76217
1800 0.05371 0.18264 0.76365
1900 0.05621 0.18039 0.76339
2000 0.05904 0.17907 0.76189
